[gd_scene load_steps=8 format=2]

[ext_resource path="res://Textures/Arena_LowRes.jpg" type="Texture" id=1]
[ext_resource path="res://Assets/Columna.obj" type="ArrayMesh" id=2]
[ext_resource path="res://Assets/Poly.tscn" type="PackedScene" id=3]
[ext_resource path="res://Script/Manage.gd" type="Script" id=4]

[sub_resource type="SpatialMaterial" id=1]
params_diffuse_mode = 1
albedo_texture = ExtResource( 1 )

[sub_resource type="CubeMesh" id=2]
material = SubResource( 1 )
size = Vector3( 50, 1, 50 )

[sub_resource type="BoxShape" id=3]
extents = Vector3( 25, 0.5, 25 )

[node name="Main" type="Spatial"]

[node name="Camera" type="Camera" parent="."]
transform = Transform( 1, 0, 0, 0, 0.903874, 0.4278, 0, -0.4278, 0.903874, 0, 11.0581, 14.1957 )

[node name="DirectionalLight" type="DirectionalLight" parent="."]
transform = Transform( -0.319951, -0.947432, 0.00209081, 0.888541, -0.299296, 0.347732, -0.328827, 0.113115, 0.937592, -11.8712, 11.7289, 11.5052 )
light_color = Color( 0.968627, 0.913725, 0.470588, 1 )
light_energy = 2.0
shadow_enabled = true

[node name="StaticBody" type="StaticBody" parent="."]
transform = Transform( 1, 0, 0, 0, 1, 0, 0, 0, 1, -3.22073, 4.96806, 15.7044 )
__meta__ = {
"_edit_lock_": true
}

[node name="MeshInstance" type="MeshInstance" parent="StaticBody"]
transform = Transform( 1, 0, 0, 0, 1, 0, 0, 0, 1, 0, 7.3113, 0 )
mesh = ExtResource( 2 )
material/0 = null
__meta__ = {
"_edit_lock_": true
}

[node name="StaticBody3" type="StaticBody" parent="."]
transform = Transform( 1, 0, 0, 0, 1, 0, 0, 0, 1, -0.290726, 3.71332, 16.2022 )
__meta__ = {
"_edit_lock_": true
}

[node name="MeshInstance" type="MeshInstance" parent="StaticBody3"]
transform = Transform( 1, 0, 0, 0, 1, 0, 0, 0, 1, 0, 7.3113, 0 )
mesh = ExtResource( 2 )
material/0 = null
__meta__ = {
"_edit_lock_": true
}

[node name="StaticBody2" type="StaticBody" parent="."]
transform = Transform( 1, 0, 0, 0, 1, 0, 0, 0, 1, 3.5129, 2.10935, 14.8185 )
__meta__ = {
"_edit_lock_": true
}

[node name="MeshInstance" type="MeshInstance" parent="StaticBody2"]
transform = Transform( 1, 0, 0, 0, 1, 0, 0, 0, 1, 0, 7.3113, 0 )
mesh = ExtResource( 2 )
material/0 = null
__meta__ = {
"_edit_lock_": true
}

[node name="StaticBody (piso)" type="StaticBody" parent="."]
transform = Transform( 1, 0, 0, 0, 1, 0, 0, 0, 1, 0, 4.48305, 0 )
__meta__ = {
"_edit_lock_": true
}

[node name="MeshInstance" type="MeshInstance" parent="StaticBody (piso)"]
mesh = SubResource( 2 )
material/0 = null
__meta__ = {
"_edit_lock_": true
}

[node name="CollisionShape" type="CollisionShape" parent="StaticBody (piso)"]
shape = SubResource( 3 )
__meta__ = {
"_edit_lock_": true
}

[node name="CodeContainer" type="MeshInstance" parent="."]
transform = Transform( 1, 0, 0, 0, 1, 0, 0, 0, 1, 0, 5.84897, 6.06322 )
script = ExtResource( 4 )

[node name="Poly" parent="." instance=ExtResource( 3 )]
transform = Transform( 1, 0, 0, 0, 0.85415, 0.520026, 0, -0.520026, 0.85415, -1.52296, 15.7772, 1.37128 )
